0.029216 168
3.928440 1
0.074832 1
2.752975 1
0.176170 1
0.274500 10
0.838742 1
0.253406 1
0.241333 1
1.026507 2
0.069203 24
2.911202 1
0.207110 1
0.200588 1
0.204883 1
0.200446 2
0.000702 47
0.001388 168
3.005145 1
0.081319 1
4.000888 1
0.300622 1
0.080249 1
0.207513 1
0.053013 1
0.993765 6
0.936731 1
0.258766 1
0.249585 1
0.656168 2
0.015352 114
0.001765 168
3.386197 1
0.074447 1
2.776351 1
0.480034 6
2.273054 1
0.833231 1
0.273443 11
2.269185 1
0.229017 1
0.196263 1
0.364890 1
1.254995 1
0.190129 1
2.155007 1
0.457051 1
0.140299 5
1.302173 1
0.396541 1
0.175138 11
2.155915 1
0.350409 1
0.697158 1
2.797798 1
0.200691 1
0.543343 1
0.003867 1
0.060531 1
0.055789 1
0.196383 1
0.148854 1
0.160013 1
0.161680 360
0.187407 1
0.407039 1
0.361288 1
0.306169 289
0.237146 286
0.533128 285
0.688543 3
0.503685 3
0.216710 3
0.511736 3
0.009115 3
0.031925 3
0.060462 3
0.021580 3
0.019269 3
0.052063 3
0.018649 3
0.296903 3
0.141458 3
0.809767 2
0.002151 55
0.000725 168
4.694105 1
0.091461 1
1.350058 1
0.235956 1
0.214549 5
1.033688 1
0.429518 1
0.413696 11
1.265003 1
0.321413 1
0.218865 1
0.340966 1
0.664408 1
0.229173 1
1.063143 1
0.312679 6
1.403014 1
0.235485 13
1.385371 2
0.074604 18
0.003017 168
5.826615 1
0.464392 1
0.103043 1
0.087450 1
0.725299 2
0.209788 62
0.005926 168
3.059374 1
0.224385 1
0.119275 1
0.139120 1
0.374389 8
