0.043090 148
0.807244 1
0.147285 1
0.466617 1
0.197470 1
0.393529 1
0.231950 1
0.141700 1
0.358364 1
0.425884 1
0.628250 2
0.030421 14
0.002629 16
0.863518 42
2.123893 1
0.178082 1
0.137979 1
0.131846 2
0.000433 22
1.531681 1
0.164791 1
0.119840 1
0.530745 2
0.000284 22
1.111889 1
0.093542 1
0.949662 3
0.233216 1
0.697423 1
0.169851 1
0.193230 1
0.276925 3
0.135091 3
0.172418 1
0.160278 1
0.148316 2
0.000270 22
2.505669 1
0.124740 1
0.091939 1
0.164887 1
0.974858 24
1.464984 1
0.153785 1
0.210846 1
0.438768 3
0.157585 3
0.492809 1
0.631794 1
0.065744 1
0.551245 2
0.000309 22
0.931455 1
1.010047 1
0.833832 1
0.100621 22
0.000105 2
0.548919 1
0.188990 1
0.211696 1
0.145655 1
0.113766 1
0.156168 1
0.278923 3
0.280427 2
0.000322 22
1.029020 1
0.098917 1
0.234423 1
0.069142 1
0.113769 1
0.242738 24
1.176908 1
0.132249 1
0.140735 1
0.146896 1
0.617468 24
0.356612 1
0.052199 1
0.179802 1
0.169717 94
0.005341 16
0.710287 112
0.003865 16
0.671615 167
0.005107 28
0.622885 31
2.582078 1
0.038145 1
0.270813 2
0.000345 36
0.855433 1
0.052562 1
0.231074 31
0.774538 1
0.048531 1
0.233179 2
0.000320 97
0.006104 28
0.708965 37
7.636008 1
0.546240 1
0.157288 1
0.245817 2
0.000455 64
0.004304 148
3.777524 1
0.322162 1
0.154329 1
0.686874 1
0.316003 8
