0.028177 168
13.067527 1
0.116875 1
1.254102 1
0.140064 1
0.148725 1
2.198127 1
0.464265 1
0.096107 1
0.085660 1
0.859754 1
0.161702 1
0.282892 1
0.834152 4
0.141222 4
0.232278 1
0.246996 1
0.133532 1
0.142814 1
0.101621 1
1.109512 2
0.007820 168
4.287077 1
0.056072 1
0.172539 1
0.734662 1
0.363099 1
0.037708 1
1.064929 1
0.174529 1
0.192771 1
0.116557 1
0.151774 1
0.107066 1
0.990939 4
0.693255 1
0.359080 1
1.238558 1
0.078320 1
0.192165 1
0.122111 1
0.118628 1
0.140431 1
0.853332 2
0.010583 168
3.764807 1
0.248425 1
0.127484 2
0.023889 157
0.000748 168
18.250099 1
0.193531 1
0.342906 1
4.660225 1
0.366247 4
0.161260 1
0.223056 1
0.135625 1
0.143855 1
0.198270 1
0.682930 1
0.169598 1
0.280222 1
0.244440 1
0.924467 1
1.248077 1
0.989640 1
2.033811 1
0.089100 1
0.236323 1
0.118613 1
0.163789 1
0.114734 1
0.916912 2
0.028468 168
3.841781 1
0.362763 1
1.094938 2
0.013216 134
0.000600 168
7.822616 1
0.077381 1
0.110791 1
0.377654 1
0.088758 1
0.192275 1
0.085497 1
0.084096 1
1.937778 1
0.197965 2
0.011528 182
1.166956 1
0.446617 1
0.412874 2
0.011744 27
0.000736 182
6.615544 1
0.105810 1
1.739762 4
0.137968 4
0.545717 1
0.089651 1
9.226600 1
0.758994 1
0.176366 1
0.174104 1
0.095215 1
0.123524 1
0.140607 1
0.195333 1
0.575690 4
1.162576 4
0.144522 4
0.134369 4
0.126609 4
0.141511 4
0.157743 4
0.647976 1
0.170417 1
0.131176 1
0.118977 1
0.153836 1
0.726011 1
0.491732 1
0.327788 1
0.145057 1
0.246138 1
3.814773 1
0.138695 1
0.180647 1
0.061992 1
0.494002 1
0.540069 4
0.360952 1
0.284031 1
0.183492 1
0.131364 1
0.956999 2
0.026737 182
1.771151 1
0.480673 1
0.093749 2
0.015576 49
0.000835 182
3.401179 1
0.082682 1
0.429423 1
1.273464 1
0.176396 1
0.143862 1
0.128027 1
0.155908 1
0.743793 1
0.421538 1
0.126397 1
0.733490 1
0.471158 1
0.835041 1
0.051043 1
2.195954 2
0.017193 53
0.000406 182
10.549357 1
0.531950 1
0.131724 2
0.015143 49
0.000811 182
2.248119 1
0.126041 1
0.207521 1
0.972238 1
0.145694 1
0.179066 2
0.009390 168
1.062332 1
0.309516 1
0.109080 2
0.022765 134
0.000768 168
25.701088 1
0.080115 1
0.168785 1
2.182789 1
0.087610 1
0.158527 1
0.115841 1
0.117008 1
0.123188 1
0.149284 2
0.010280 182
1.791113 1
0.086235 1
0.217672 1
1.297389 1
0.219280 1
0.306356 1
0.216740 1
0.228523 1
1.270046 1
0.285413 1
0.261380 1
0.101209 1
0.433044 1
0.871643 1
0.141043 1
0.240069 1
0.888971 2
0.016291 182
3.204694 1
0.460095 1
0.224736 2
0.012949 26
0.000836 182
2.589454 1
0.067812 1
0.288480 1
0.434444 1
0.136462 1
0.145179 2
0.007761 168
2.390852 1
0.119022 1
0.145826 2
0.021051 157
0.000666 168
16.787728 1
0.457112 1
0.152146 1
0.384987 1
1.105583 1
1.141731 1
0.144873 1
0.178961 1
0.112652 1
0.443770 1
0.096858 1
0.094975 1
0.206743 1
0.287970 2
0.003523 249
0.000747 168
12.401257 1
0.308249 1
0.796675 4
4.728642 1
0.704755 1
0.201316 1
0.150140 1
0.134620 1
0.190136 1
0.325397 2
0.014179 13
0.001853 168
26.300371 1
0.114920 1
0.090858 1
0.192340 1
0.250591 1
0.195190 1
0.174853 1
0.279166 1
0.303138 1
0.104733 1
0.311348 2
0.392226 16
0.056626 356
0.002941 168
61.529561 8
0.001788 16
0.001403 5
0.769881 2
0.389597 8
0.011093 508
0.003416 168
21.805063 1
0.108050 1
0.051897 1
0.206349 1
1.091213 1
0.251870 1
0.175998 1
0.196969 1
0.091856 1
0.089959 1
0.309610 2
0.364432 16
0.051960 354
0.000043 2
0.004915 168
2.895731 1
0.107098 1
0.135010 1
0.209658 1
0.535911 1
0.491993 1
0.105816 1
6.834681 1
1.435276 1
0.139682 1
0.260839 1
0.163515 1
0.182948 1
6.984328 2
0.111909 168
1.805279 1
0.302911 1
0.060765 1
0.216017 1
0.235675 1
0.268817 1
0.138549 1
2.379488 1
0.382864 1
0.489434 1
0.394869 1
0.121473 1
0.144465 1
0.500059 1
0.416583 1
0.148053 1
0.129864 1
0.228968 2
0.134790 168
10.794062 1
0.176821 1
0.250462 1
0.232288 1
0.232698 1
0.374557 1
0.446992 1
0.433407 1
4.366106 4
0.137556 4
0.150998 4
0.121924 4
0.142261 4
0.139251 4
0.137163 4
0.282953 4
0.864746 1
0.761206 1
0.229780 1
0.141502 1
0.749587 2
0.000034 6
