0.023034 168
5.161914 1
0.079587 1
0.142623 1
0.371136 1
0.143495 1
0.158552 1
1.406926 1
0.499634 4
0.412852 1
0.584915 1
0.084590 1
0.164185 1
0.689934 2
0.416941 16
0.144049 217
0.000068 80
0.000233 261
0.004467 168
3.385991 1
0.084178 1
0.071783 1
0.228134 1
0.712474 1
0.151762 1
0.113529 1
0.615804 1
0.184206 1
0.525506 1
0.301788 2
0.392302 168
1.126898 1
0.067539 1
0.075805 1
0.173524 1
0.227825 1
0.109711 1
0.247827 4
0.134240 4
0.141382 1
0.130123 1
0.161193 1
0.140719 1
0.131959 1
0.218832 1
1.298778 1
0.173376 1
0.252694 1
1.213972 1
0.425294 4
0.346681 1
0.281523 1
0.976319 1
0.189930 1
0.141073 1
0.076184 1
0.171843 1
0.065723 1
0.118411 1
0.383603 1
0.135519 1
0.097780 1
0.090805 1
0.101184 1
0.111488 1
0.173313 1
0.067000 1
0.175628 1
0.092678 1
0.059576 1
0.295427 1
0.047530 1
0.095128 1
0.040783 1
0.381984 1
0.097926 1
0.665309 1
0.816012 1
0.044628 1
0.112987 1
1.147833 1
1.194605 2
0.969734 545
0.041355 161
0.004925 168
1.328260 1
0.094302 1
0.074714 1
0.064081 1
3.449127 1
0.195490 1
0.140794 1
0.058375 1
1.107996 2
0.956314 32
0.008120 30
0.009190 30
0.009739 30
0.008882 30
0.010588 30
0.007343 30
0.008469 30
0.007439 30
0.008163 30
0.007735 31
0.008519 31
0.007531 111
0.000259 32
0.015633 32
0.014861 32
0.013332 64
0.020987 32
0.000265 40
0.038761 28
0.000255 28
0.010229 56
0.000325 28
0.000443 28
0.007928 89
0.000039 39
0.017053 274
0.263946 76
0.147153 168
1.835855 1
0.235895 1
0.995396 1
0.107393 1
0.085551 1
0.739430 4
0.634445 4
0.279447 4
0.639388 1
0.304653 1
0.546171 8
